Good Calls: 91
Bad Calls: 7
Error Calls: 2
Final Scores: [94.74, 86.84, 70.97, 90.7, 86.21, 81.82, 91.67, 78.18, 90.7, 70.0, 85.37, 62.5, 21.95, 85.29, 82.5, 89.36, 0.0, 98.36, 31.82, 73.58, 84.21, 91.67, 100.0, 92.73, 93.22, 58.33, 0.0, 94.64, 80.0, 63.89, 82.69, 77.27, 65.38, 48.15, 89.36, 43.48, 76.74, 94.92, 95.65, 61.54, 64.44, 8.57, 69.44, 100.0, 92.86, 75.0, 91.8, 91.49, 70.0, 84.62, 92.45, 92.86, 70.21, 78.12, 77.78, 94.87, 98.04, 92.59, 66.67, 95.35, 93.62, 65.38, 60.61, 69.23, 81.4, 83.33, 66.67, 70.0, 64.0, 47.62, 90.0, 5.26, 71.43, 76.09, 39.29, 93.33, 86.84, 72.92, 62.5, 75.68, 69.05, 100.0, 76.6, 78.72, 68.97, 37.93, 73.33, 93.88, 94.92, 91.23, 89.29, 100.0, 73.17, 84.91, 87.27, 57.14, 0.0, 96.55, 60.0, 52.78]
Average Final Percentage Score: 74.35%
Total Scores Count: 100

#Notes
 5 sclae grade - Excellent > 80%
                 Good - 60-79%
                 Moderate - 40-60%
                 Bad - 40% - 21%
                 poor < 20%
                 
